Samples,K1,K2,K3,K4,K5
292,3e-04,0.7367,0.005,0.258,0
454,0,0.3333,0.6667,0,0
579,0.249,0.1317,0.037,0.165,0.4173
635,0.8783,0.0213,0.0017,0.0987,0
220,3e-04,3e-04,0.999,3e-04,0
505,0.7541,0.0057,0.0013,0.1259,0.113
307,0,1,0,0,0
588,0.0013,0.0529,0.1271,0.8179,7e-04
42,0,0.355,0.2747,0.3703,0
275,0,0,1,0,0
80,0.4261,0.0423,0.0097,0.4557,0.0663
178,0.666,3e-04,3e-04,0,0.3333
2,0.0097,3e-04,0,0.9893,7e-04
5,0,3e-04,0,0.9997,0
6,0,3e-04,0,0.9997,0
10,0.877,0.0223,0.0013,0.0993,0
11,0.0306,0.1302,0.1169,0.6522,0.07
13,0,1,0,0,0
16,0.8787,0.0227,0.0013,0.0973,0
17,0.1319,0.099,0.1113,0.6398,0.018
18,0,0.333,0.667,0,0
19,0.8773,0.0223,0.002,0.0983,0
21,3e-04,0.2833,0.369,0.347,3e-04
27,0.0067,0.3341,0.2578,0.3981,0.0033
28,0.156,0.1183,0.1383,0.587,3e-04
29,0.1594,0.1201,0.1338,0.5864,3e-04
35,0.037,0.1828,0.1907,0.5895,0
44,0.9046,0.025,0.0611,0.0093,0
49,0,3e-04,0,0.9997,0
51,0,0.2381,0.3163,0.4456,0
62,0.4545,0.1469,0.1007,0.2249,0.073
71,0,1,0,0,0
73,0,1,0,0,0
88,0.9036,0.0267,0.0614,0.0083,0
92,0,0.7453,3e-04,0.2543,0
96,0.8793,0.0217,0.0013,0.0977,0
97,0.8782,0.0214,0.0013,0.0991,0
112,0,0.7463,3e-04,0.2534,0
115,0.1274,0.1024,0.071,0.6982,0.001
117,0,0.3337,0.666,0,3e-04
130,0.004,0.3578,0.2129,0.4044,0.021
131,0,0.7467,3e-04,0.253,0
139,0,0.3237,0.2157,0.4607,0
141,0,0.3274,0.2171,0.4555,0
164,3e-04,0.2113,0.135,0.645,0.0083
167,0.8788,0.022,0.0017,0.0976,0
171,0.005,0.1727,0.2313,0.5827,0.0083
180,3e-04,0.2017,0.2747,0.5233,0
182,0.9046,0.023,0.062,0.0103,0
184,0.0013,0.2189,0.3388,0.4363,0.0047
190,0,0.3169,0.2581,0.4243,7e-04
194,7e-04,0.2037,0.288,0.5027,0.005
195,0,0.747,7e-04,0.2523,0
205,3e-04,0.3414,0.3491,0.2994,0.0097
206,3e-04,0.2893,0.2773,0.429,0.004
215,0,1,0,0,0
228,0,0.2589,0.2643,0.4768,0
234,0,0.3333,0.6667,0,0
243,0,1,0,0,0
260,0,3e-04,0.9997,0,0
274,0.3397,0.0657,0.0837,0.4253,0.0857
288,0,0,1,0,0
295,0,0,1,0,0
296,0,0.1734,0.2368,0.5865,0.0033
297,0,0.1639,0.243,0.5928,3e-04
300,0,1,0,0,0
302,0,0.3477,0.2673,0.3843,7e-04
318,0,0.2401,0.3146,0.4453,0
321,0,0.2418,0.316,0.4423,0
323,0,0.2399,0.3165,0.4436,0
327,0,0.2421,0.3136,0.4443,0
346,0,0.1626,0.2358,0.6003,0.0013
347,0,0.2389,0.3142,0.447,0
348,0.1375,0.1508,0.0264,0.2973,0.3881
352,0.1227,0.115,0.0803,0.6747,0.0073
353,0.0023,0.0313,0.0816,0.8768,0.008
356,0,0,1,0,0
359,0,0,1,0,0
366,0.138,0.1497,0.0273,0.2969,0.3881
369,0,0.1778,0.2257,0.5952,0.0013
373,0,0.1033,0.2292,0.6674,0
376,0,0.7463,3e-04,0.2533,0
377,0.035,0.1851,0.1917,0.5882,0
381,0,0.163,0.2424,0.5939,7e-04
387,7e-04,0.0947,0.079,0.8256,0
392,0.036,0.1838,0.1921,0.5881,0
395,0,3e-04,0,0.9997,0
402,0.138,0.1493,0.026,0.2983,0.3883
426,0.0027,0.2986,0.2768,0.422,0
429,0,0.3807,0.1903,0.4273,0.0017
436,0,3e-04,0,0.9997,0
440,0.4648,0.003,0.059,0.3399,0.1333
458,3e-04,0.2798,0.3727,0.3468,3e-04
471,0.0366,0.1839,0.1938,0.5857,0
473,0,3e-04,0,0.9997,0
474,0,3e-04,7e-04,0.999,0
475,0.666,3e-04,3e-04,0,0.3333
490,0,0.3163,0.2617,0.4213,7e-04
493,0,0.1053,0.2294,0.6652,0
508,0,0.3835,0.1884,0.4271,0.001
509,0,0.3801,0.1904,0.4281,0.0013
523,0,0.3333,0.6667,0,0
530,0,0.2554,0.2891,0.4545,0.001
534,0,0.3161,0.2568,0.4265,7e-04
48,0.144,0.1094,0.1164,0.6235,0.0067
50,0.0407,0.1506,0.1163,0.6831,0.0093
53,0.9076,0.0217,0.0621,0.0087,0
54,0.3333,0,0,0,0.6667
55,0.4091,0.113,0.0524,0.4241,0.0013
56,0.1647,0.043,0.09,0.6727,0.0297
57,0,0.3333,0.6667,0,0
58,3e-04,0.2077,0.1387,0.6445,0.0087
60,3e-04,0.363,0.205,0.4217,0.01
63,0.666,3e-04,3e-04,0,0.3333
67,0,1,0,0,0
68,0,1,0,0,0
69,0,1,0,0,0
70,0,1,0,0,0
75,0,1,0,0,0
76,0,1,0,0,0
81,0.203,0.1067,0.081,0.5817,0.0277
83,0.3467,0.055,0.0543,0.5003,0.0437
84,0.2003,0.0507,0.116,0.607,0.026
85,0.3333,0,0,0,0.6667
86,0.3333,0,0,0,0.6667
87,0.4245,0.044,0.009,0.4558,0.0667
89,0.2013,0.107,0.08,0.5833,0.0283
118,0,0.3333,0.6667,0,0
119,0,0.3333,0.6667,0,0
121,0,0.3333,0.6667,0,0
122,0.666,3e-04,3e-04,0,0.3333
125,0.1389,0.051,0.1289,0.6805,7e-04
126,0.5925,3e-04,0,0.2408,0.1664
127,0.167,0.044,0.0877,0.6732,0.028
128,0.3333,0,0,0,0.6667
129,7e-04,0.0977,0.0774,0.8242,0
134,0.2487,0.1308,0.0377,0.1662,0.4168
136,0.9069,0.021,0.0624,0.0097,0
138,0,0.3333,0.6667,0,0
140,0,0.3836,0.1904,0.4246,0.0013
142,0,0.0667,0.1881,0.7452,0
143,0.903,0.0233,0.0643,0.0093,0
144,3e-04,0.2111,0.1344,0.6448,0.0093
146,0,0.3271,0.2173,0.4555,0
148,0,0.3276,0.2191,0.4533,0
149,0.399,0.086,0.0503,0.4113,0.0533
152,0,0.3498,0.2661,0.3834,7e-04
154,0.8783,0.0203,0.0013,0.1,0
155,0.0013,0.001,0.9963,7e-04,7e-04
156,0.666,3e-04,3e-04,0,0.3333
157,0.5419,0.0663,0.0017,0.2313,0.1588
158,0,0.1837,0.24,0.576,3e-04
160,0,0.3333,0.6667,0,0
163,0.101,0.1306,0.1393,0.5048,0.1243
166,0.8765,0.0236,0.002,0.0979,0
168,0.6199,0.0513,0.0187,0.1942,0.1159
169,0,0.2911,0.2797,0.4248,0.0043
172,0.0033,0.0814,0.0967,0.8155,0.003
173,0,0.269,0.262,0.468,0.001
174,0,0.2951,0.321,0.3839,0
175,0.0937,0.1741,0.1394,0.5795,0.0133
176,0,0.2925,0.3233,0.3842,0
177,3e-04,0.2053,0.2725,0.5218,0
179,0,0.2394,0.3183,0.4423,0
181,3e-04,0.3129,0.3012,0.3772,0.0083
185,0.412,0.024,0.0317,0.3827,0.1496
188,0,0.2931,0.2806,0.4226,0.0037
1,0.7226,0,0,0.1734,0.1041
3,0.0637,0.2156,0.2356,0.4662,0.019
7,0,0.7463,3e-04,0.2533,0
8,0,0.2255,0.3238,0.4503,3e-04
9,0,0.2235,0.3251,0.4511,3e-04
14,0.3333,0,0,0,0.6667
15,0.2033,0.0783,0.0596,0.6035,0.0553
20,0.6375,3e-04,7e-04,0.2508,0.1107
22,0.7007,3e-04,0,0.1953,0.1037
24,0.3343,3e-04,0,0.0013,0.664
25,0.0297,0.1928,0.2742,0.4957,0.0077
26,0.3333,0,0,0,0.6667
30,0,0.3333,0.6667,0,0
31,0.3333,0,0,0,0.6667
34,0.2487,0.1313,0.0367,0.166,0.4173
37,0,0.3333,0.6667,0,0
39,0.666,3e-04,3e-04,0,0.3333
40,0.114,0.2642,0.1394,0.3239,0.1585
41,0.035,0.1217,0.1267,0.696,0.0207
43,0.3333,0,0,0,0.6667
45,0.2482,0.132,0.037,0.166,0.4167
46,0.0277,0.2704,0.2886,0.413,3e-04
47,0.144,0.1063,0.1147,0.6276,0.0073
90,0.1709,0.0793,0.0656,0.6742,0.01
91,0.1681,0.0817,0.0667,0.6739,0.0097
93,0.3333,0,0,0,0.6667
94,0.5434,0.0194,7e-04,0.3099,0.1268
95,0.3891,0.0487,0.015,0.4802,0.067
99,0.6657,3e-04,7e-04,0,0.3333
100,0.2138,0.0856,0.079,0.5836,0.038
104,0.2051,0.1064,0.082,0.5795,0.027
107,0.2281,0.1104,0.084,0.5359,0.0417
198,0.666,3e-04,3e-04,0,0.3333
199,0.6064,0.007,3e-04,0.2838,0.1024
200,3e-04,0.7353,0.0073,0.2567,3e-04
201,0,0.2604,0.2674,0.4722,0
202,0.5758,0.004,0.1403,0.1626,0.1173
203,0.0097,0.286,0.2953,0.4027,0.0063
207,0.003,0.3262,0.3105,0.3599,3e-04
208,0,0.3333,0.6663,3e-04,0
209,0,0.333,0.6667,3e-04,0
210,0,0.3333,0.6667,0,0
211,0,0.3333,0.6667,0,0
212,0.3185,0.096,0.1711,0.3058,0.1087
213,0,1,0,0,0
214,0,1,0,0,0
216,0,3e-04,0,0.9997,0
217,0,0.3333,0.6667,0,0
218,0.0053,0.2767,0.212,0.477,0.029
219,3e-04,0.2919,0.2792,0.4245,0.004
221,0,0.3333,0.6667,0,0
222,0,3e-04,0,0.9997,0
225,0,0.3333,0.6667,0,0
226,0,0.3333,0.6667,0,0
227,0.3333,0,0,0,0.6667
229,0,0.7463,3e-04,0.2533,0
232,0,0.3333,0.6667,0,0
233,0,0.3333,0.6667,0,0
235,0,0.3333,0.6667,0,0
236,0.8793,0.0217,0.0017,0.0973,0
237,0.8792,0.0214,0.002,0.0974,0
238,0,0.3333,0.6667,0,0
239,0,0.3528,0.2784,0.3688,0
240,0,0.354,0.2774,0.3686,0
241,0,0.357,0.275,0.368,0
242,0,0.7467,3e-04,0.253,0
244,0,1,0,0,0
245,0,0.2611,0.2648,0.4741,0
246,3e-04,0.3096,0.3062,0.3756,0.0083
247,3e-04,0.312,0.3006,0.3787,0.0083
248,0,3e-04,0,0.9997,0
249,0,1,0,0,0
250,0,1,0,0,0
251,0,0.747,3e-04,0.2527,0
252,3e-04,0.2927,0.2773,0.426,0.0037
253,0,3e-04,0,0.9997,0
254,0.666,3e-04,3e-04,0,0.3333
255,0,0.3333,0.6667,0,0
256,0,0.3333,0.6667,0,0
257,0,0.3333,0.6667,0,0
258,0,0.3529,0.2782,0.3689,0
259,0.0013,0.242,0.2483,0.4967,0.0117
261,0,0,0.9993,7e-04,0
262,0,0,1,0,0
263,0.1966,0.108,0.0653,0.5908,0.0393
265,0.2482,0.132,0.038,0.166,0.4157
266,0.2487,0.1301,0.0377,0.1665,0.4171
267,0,0.3333,0.6667,0,0
268,0,0.2679,0.2604,0.4703,0.0013
279,0,0.105,0.2296,0.6654,0
283,0,0.2637,0.2653,0.471,0
290,0,0.3333,0.6667,0,0
294,0,0.1051,0.229,0.6659,0
298,0,0.0663,0.1854,0.7482,0
12,0.0273,0.1313,0.122,0.652,0.0673
36,0.666,3e-04,3e-04,0,0.3333
38,0,0.3333,0.6667,0,0
65,0.5953,0.0017,0.0107,0.2747,0.1177
72,0.5919,0.0017,0.0113,0.2757,0.1194
74,0.1793,0.0747,0.0847,0.6383,0.023
78,0.8793,0.0223,0.0017,0.0967,0
82,0.1807,0.0723,0.0843,0.64,0.0227
101,0.4115,0.0313,0.0237,0.3839,0.1496
113,0.0943,0.1709,0.1423,0.5785,0.014
120,0,0.3333,0.6667,0,0
123,0.2304,0.0647,0.12,0.5557,0.0293
124,0.142,0.0527,0.1243,0.68,0.001
132,0,0.7473,3e-04,0.2523,0
133,0.249,0.1313,0.0367,0.1657,0.4173
186,0,0,1,0,0
196,0.727,3e-04,7e-04,0.167,0.105
271,0.3204,0.0937,0.1721,0.3074,0.1064
272,0.6027,0.002,0.004,0.2216,0.1697
282,0,0,1,0,0
286,0,0,1,0,0
291,0.7268,3e-04,7e-04,0.1673,0.105
299,0,1,0,0,0
310,0,0.2437,0.3247,0.4317,0
312,0,0.2422,0.3177,0.4401,0
313,0,0.0663,0.1884,0.7452,0
314,0,0.2405,0.3185,0.441,0
316,0,0,1,0,0
317,0.001,0.053,0.1288,0.8169,3e-04
319,0,0.1051,0.229,0.6659,0
320,0.9343,0.0367,0.0287,3e-04,0
322,0,0.1631,0.1421,0.6938,0.001
324,0,0.3333,0.6667,0,0
326,0.2682,0.0033,0.0393,0.6304,0.0587
329,0,1,0,0,0
330,0,1,0,0,0
331,0,1,0,0,0
332,0,0,1,0,0
333,0,1,0,0,0
335,0,0.2599,0.2682,0.472,0
336,0.0013,0.0533,0.1284,0.817,0
337,0,1,0,0,0
339,0.3213,0.0943,0.1713,0.3056,0.1076
340,0.3333,0,0,0,0.6667
341,0.3333,0,0,0,0.6667
342,0,0.7457,3e-04,0.254,0
344,0,0.1651,0.1394,0.6945,0.001
345,0,0.3333,0.6667,0,0
349,0.9343,0.035,0.0303,3e-04,0
350,0,0.3825,0.1904,0.4255,0.0017
351,0.9323,0.0357,0.0317,3e-04,0
354,0,0,1,0,0
357,0.1247,0.1157,0.075,0.6772,0.0073
358,0,0,1,0,0
360,0,3e-04,0,0.9997,0
361,7e-04,0.0967,0.077,0.8256,0
362,0,3e-04,0,0.9997,0
363,0,3e-04,0,0.9997,0
365,0.1383,0.1504,0.0253,0.2976,0.3884
367,0.9333,0.0363,0.03,3e-04,0
368,0.131,0.0984,0.075,0.6946,0.001
370,0.666,3e-04,3e-04,0,0.3333
371,3e-04,0.2097,0.138,0.644,0.008
372,0,0.1047,0.2284,0.6669,0
374,0.0363,0.1877,0.1903,0.5857,0
378,0.2482,0.132,0.0374,0.1657,0.4167
379,0.1289,0.104,0.0743,0.6918,0.001
380,0,0.3333,0.6667,0,0
383,0.0877,0.1294,0.1444,0.6201,0.0183
384,0.033,0.1324,0.1163,0.6507,0.0677
385,0.087,0.1294,0.1457,0.6189,0.019
386,0.0033,0.3293,0.6553,0.0103,0.0017
388,0,0.1057,0.2298,0.6646,0
394,0,0.1067,0.2278,0.6656,0
396,0,0.003,0.001,0.996,0
397,0,0.103,0.2233,0.6737,0
398,0.247,0.1301,0.038,0.1688,0.4161
400,0,0.3333,0.6667,0,0
401,0,0.3333,0.6667,0,0
404,0.8753,0.021,0.0017,0.102,0
405,0.033,0.3087,0.5987,0.05,0.0097
406,0.0107,0.3273,0.614,0.0414,0.0067
407,0.009,0.3503,0.2137,0.4077,0.0193
408,0,0.3457,0.2647,0.389,7e-04
409,0,0.0661,0.1918,0.7422,0
410,0.9237,0.0383,0.037,0.001,0
412,0.3361,0.1567,0.0667,0.3078,0.1327
414,0.0067,0.706,0.012,0.2733,0.002
415,0.9314,0.035,0.033,7e-04,0
308,0,0.0457,0,0.9543,0
109,0.5929,0.002,0.009,0.2774,0.1187
189,0.1392,0.1496,0.0256,0.2969,0.3887
191,0.1023,0.2403,0.1453,0.505,0.007
193,0.2481,0.131,0.0376,0.1665,0.4168
204,0.0193,0.3159,0.2192,0.4425,0.003
418,0,0.7463,3e-04,0.2533,0
423,0.5933,0.0017,0.0113,0.2737,0.12
424,0,0.3333,0.6667,0,0
430,0.005,0.3142,0.2232,0.4322,0.0253
431,0.3333,0,0,0,0.6667
432,0,0.2618,0.264,0.4742,0
433,0,0.2637,0.2648,0.4714,0
434,0,0.2448,0.3266,0.4286,0
439,0.666,3e-04,3e-04,0,0.3333
441,0.3333,0,0,0,0.6667
442,0.3333,0,0,0,0.6667
444,0.935,0.0353,0.0293,3e-04,0
445,0,3e-04,0,0.9997,0
447,0,0.3333,0.6667,0,0
449,0,0.3333,0.6667,0,0
451,0.6186,7e-04,3e-04,0.2318,0.1486
453,0.3333,0,0,0,0.6667
455,0,0.3333,0.6663,3e-04,0
456,0.0277,0.1851,0.2782,0.502,0.007
457,0.666,3e-04,3e-04,0,0.3333
459,0.666,3e-04,3e-04,0,0.3333
460,0,0.3333,0.6667,0,0
461,0.1324,0.0957,0.113,0.6429,0.016
462,0,3e-04,0.9993,3e-04,0
463,0,0,1,0,0
464,0.1314,0.0994,0.0747,0.6939,7e-04
466,0,0.7467,3e-04,0.253,0
467,0,0.332,0.6677,3e-04,0
468,0,0.336,0.6387,0.0223,0.003
472,0.037,0.1214,0.13,0.6902,0.0213
476,0,0.043,0,0.957,0
477,0.6058,0.0526,0.0243,0.2369,0.0803
478,0,0.3333,0.6667,0,0
479,0.9053,0.0227,0.064,0.008,0
480,0,0.7463,3e-04,0.2533,0
481,0,0.746,3e-04,0.2537,0
483,0.001,0.3204,0.2112,0.4521,0.0153
484,0.7586,7e-04,0.1397,7e-04,0.1004
485,0,0.7463,3e-04,0.2531,3e-04
487,0,0,1,0,0
488,0.2496,0.13,0.0377,0.1663,0.4163
489,0,0.7473,3e-04,0.2523,0
492,0.5851,0.001,0.001,0.2328,0.1801
495,0,1,0,0,0
496,0.666,3e-04,3e-04,0,0.3333
497,0.5892,0.0053,0.0017,0.2724,0.1314
498,0.506,0.0806,0.0137,0.2785,0.1213
501,0.666,3e-04,3e-04,0,0.3333
502,0.2715,0.0027,0.0367,0.6284,0.0607
503,0,0.3333,0.6667,0,0
504,0.7517,0.004,0.0017,0.1303,0.1123
506,0.126,0.1153,0.0717,0.6787,0.0083
507,0.7538,0.0053,0.0013,0.1271,0.1124
510,0,0.2697,0.2617,0.4673,0.0013
511,0.7585,7e-04,0.141,3e-04,0.0994
512,0,0.314,0.2613,0.424,7e-04
514,0,0.3333,0.6667,0,0
516,0,0,1,0,0
517,0,0.2458,0.3232,0.431,0
518,0.7567,7e-04,0.1419,3e-04,0.1003
520,0,0.3303,0.6627,0.007,0
521,0.6472,0.008,0.0757,0.1554,0.1137
525,7e-04,0.3234,0.2112,0.4494,0.0153
526,0,0.3333,0.6667,0,0
527,0,0.3333,0.6667,0,0
528,0,0,1,0,0
529,0,0,1,0,0
531,0,0,1,0,0
532,0.4128,0.0233,0.0303,0.3848,0.1487
533,0,0,1,0,0
535,0,0.7467,3e-04,0.253,0
537,0.5525,0.0073,0.0023,0.2929,0.145
538,3e-04,0.2583,0.287,0.4533,0.001
539,0.6066,0.0584,0.024,0.2299,0.0811
540,0,3e-04,0,0.9997,0
541,0,0.267,0.263,0.4687,0.0013
542,0,3e-04,0,0.9997,0
543,0.2714,0.0027,0.0407,0.6252,0.06
544,0,0.0404,0,0.9596,0
545,0,0.7467,3e-04,0.253,0
547,0,0.0443,0,0.9557,0
548,3e-04,0.3608,0.2098,0.4198,0.0093
549,0.2715,0.003,0.0374,0.6294,0.0587
551,0.2489,0.1317,0.037,0.1657,0.4167
553,0,7e-04,0.9987,7e-04,0
110,0.3333,0,0,0,0.6667
116,0,0.065,0.1894,0.7456,0
273,0,0.3818,0.1884,0.4278,0.002
276,0.6663,0,3e-04,0,0.3333
277,0,0.3333,0.6667,0,0
278,0.7506,0.0037,0.0013,0.1314,0.113
284,0,0.333,0.6663,3e-04,3e-04
285,0,0.045,7e-04,0.9543,0
289,0,0,1,0,0
303,0,0.3347,0.6653,0,0
304,0,0.9997,3e-04,0,0
305,0,1,0,0,0
306,0,1,0,0,0
311,0.9323,0.0363,0.0307,7e-04,0
315,0.0017,0.0533,0.1287,0.8163,0
328,0.2712,0.0037,0.0383,0.6281,0.0587
334,0,1,0,0,0
343,0.0173,0.2625,0.2074,0.511,0.0017
355,0,0,1,0,0
375,0.0353,0.1847,0.192,0.588,0
393,0,0.1057,0.2283,0.666,0
403,0.1367,0.1493,0.0263,0.3003,0.3873
450,0.6381,3e-04,3e-04,0.2522,0.1091
482,0.7576,7e-04,0.142,7e-04,0.0991
486,0.0013,0.3182,0.2084,0.4553,0.0167
491,0.6181,0.022,0.0153,0.2449,0.0996
500,0.3333,0,0,0,0.6667
515,0,3e-04,0.9997,0,0
519,0,0.7457,3e-04,0.254,0
522,3e-04,0.3825,0.1894,0.4269,0.001
546,0,0.045,0,0.955,0
550,0.2483,0.1317,0.0377,0.1657,0.4167
552,3e-04,0.0527,3e-04,0.9466,0
554,0.125,0.1047,0.0727,0.6966,0.001
556,0.1284,0.1024,0.076,0.6926,7e-04
558,0,0.045,0,0.955,0
559,0,0.0397,0,0.9603,0
560,0.5443,0.0657,0.001,0.2313,0.1577
561,0,0.0663,0.1874,0.7462,0
562,0,0.068,0.1853,0.7467,0
563,0,0,1,0,0
565,0,0,1,0,0
566,0,0.041,0,0.959,0
567,0.2267,0.1123,0.0827,0.5347,0.0437
568,0.006,0.1062,0.1729,0.6912,0.0237
569,0,0.0669,0.1871,0.746,0
570,0,0.0657,0.1872,0.7471,0
571,0,0,1,0,0
572,0,0,1,0,0
574,7e-04,0.0757,0.069,0.8546,0
575,3e-04,7e-04,0.999,0,0
576,0.1345,0.1518,0.025,0.3021,0.3867
577,0.5822,0.012,0.041,0.3088,0.056
580,0.3333,0,0,0,0.6667
581,7e-04,0.0727,0.0713,0.8553,0
582,0,3e-04,0.9993,3e-04,0
583,0.6075,0.1,0.0984,0.137,0.057
584,0.001,0.2559,0.3322,0.3992,0.0117
585,3e-04,0.2562,0.3309,0.4016,0.011
586,3e-04,0.2407,0.3216,0.4374,0
589,0,0.0637,0.1844,0.7519,0
590,0.2466,0.135,0.0367,0.1657,0.416
591,0,3e-04,0,0.9997,0
592,0,0.2378,0.3259,0.4363,0
593,0.036,0.183,0.1924,0.5885,0
594,0.0357,0.1817,0.1899,0.5927,0
98,0.2595,0.0546,0.0513,0.5729,0.0616
425,0.0297,0.1985,0.1488,0.5891,0.034
427,0.0043,0.3173,0.2223,0.4313,0.0247
428,0.0303,0.2063,0.145,0.5854,0.033
524,0.005,0.3215,0.2934,0.3652,0.015
595,0.1373,0.1484,0.0253,0.3009,0.3881
596,0,0.354,0.279,0.367,0
597,0,0.1034,0.225,0.6716,0
598,0.085,0.2054,0.0977,0.5882,0.0237
599,0,3e-04,0.9983,0.0013,0
600,0,0.3533,0.2793,0.3673,0
601,0.0023,0.0854,0.0947,0.815,0.0027
602,0.0023,0.0307,0.085,0.8744,0.0077
603,0.9327,0.035,0.0317,7e-04,0
604,0,0.2421,0.3263,0.4316,0
605,0,0,1,0,0
606,0,0,1,0,0
607,0.0797,0.269,0.127,0.4987,0.0257
608,0.7513,0.0053,0.001,0.1307,0.1117
609,0,0.2662,0.2628,0.471,0
610,7e-04,0.096,0.0807,0.8226,0
611,0.0193,0.2631,0.2081,0.5075,0.002
612,0.9333,0.0357,0.0307,3e-04,0
613,0,0.2427,0.3223,0.435,0
614,0.932,0.0357,0.032,3e-04,0
615,0,0.242,0.3223,0.4357,0
616,0,3e-04,0,0.9997,0
617,0,0,1,0,0
618,0,0.176,0.2432,0.5805,3e-04
619,0,0.2415,0.3205,0.438,0
620,0.2063,0.109,0.0647,0.6038,0.0163
621,0.5944,3e-04,0,0.2392,0.1661
622,0,0.35,0.265,0.3847,3e-04
623,0.5908,3e-04,0,0.2444,0.1644
624,0.3333,0,0,0,0.6667
625,0.5906,3e-04,0,0.2439,0.1652
626,0.5915,3e-04,0,0.2424,0.1658
627,0.2718,0.0033,0.0394,0.6267,0.0587
628,0,0.7467,3e-04,0.253,0
629,0,0.3333,0.6667,0,0
630,0.9343,0.0353,0.03,3e-04,0
631,0.7579,7e-04,0.1399,0.001,0.1006
632,0.666,3e-04,3e-04,0,0.3333
633,0.3878,0.1231,0.077,0.2634,0.1487
634,0,0.1745,0.2356,0.5849,0.005
636,0.8769,0.0257,0.0013,0.0961,0
637,0.879,0.0223,0.0013,0.0973,0
638,0,0.1767,0.2371,0.5858,3e-04
639,0.7544,0.0047,0.0013,0.1263,0.1133
640,0,1,0,0,0
641,0,1,0,0,0
642,0,0.104,0.2258,0.6702,0
643,0,0.045,0,0.955,0
644,0,1,0,0,0
646,0,1,0,0,0
647,0,1,0,0,0
648,0.5437,0.0087,0.0043,0.298,0.1453
649,3e-04,0.2478,0.3262,0.4256,0
650,0,1,0,0,0
652,0,1,0,0,0
653,0,1,0,0,0
654,0,0.046,0,0.954,0
655,0,1,0,0,0
656,0,1,0,0,0
657,0.3333,0,0,0,0.6667
658,0.6136,7e-04,7e-04,0.2387,0.1464
659,0,0.7383,0.006,0.2557,0
661,0,0.3823,0.1903,0.4257,0.0017
662,0.6038,0.004,0.028,0.2476,0.1167
663,0,0.066,0.1881,0.7459,0
664,0.5581,0.0173,0.014,0.3556,0.055
