sample	K1	K2	K3	K4	K5
And_1	0.7226	0	0	0.1734	0.1041
And_2	0.0097	0.0003	0	0.9893	0.0007
And_3	0.0637	0.2156	0.2356	0.4662	0.019
And_5	0	0.0003	0	0.9997	0
And_6	0	0.0003	0	0.9997	0
And_7	0	0.7463	0.0003	0.2533	0
And_8	0	0.2255	0.3238	0.4503	0.0003
And_9	0	0.2235	0.3251	0.4511	0.0003
And_10	0.877	0.0223	0.0013	0.0993	0
And_11	0.0306	0.1302	0.1169	0.6522	0.07
And_12	0.0273	0.1313	0.122	0.652	0.0673
And_13	0	1	0	0	0
And_14	0.3333	0	0	0	0.6667
And_15	0.2033	0.0783	0.0596	0.6035	0.0553
And_16	0.8787	0.0227	0.0013	0.0973	0
And_17	0.1319	0.099	0.1113	0.6398	0.018
And_18	0	0.333	0.667	0	0
And_19	0.8773	0.0223	0.002	0.0983	0
And_20	0.6375	0.0003	0.0007	0.2508	0.1107
And_21	0.0003	0.2833	0.369	0.347	0.0003
And_22	0.7007	0.0003	0	0.1953	0.1037
And_23	0.1703	0.4727	0.0437	0.265	0.0483
And_24	0.3343	0.0003	0	0.0013	0.664
And_25	0.0297	0.1928	0.2742	0.4957	0.0077
And_26	0.3333	0	0	0	0.6667
And_27	0.0067	0.3341	0.2578	0.3981	0.0033
And_28	0.156	0.1183	0.1383	0.587	0.0003
And_29	0.1594	0.1201	0.1338	0.5864	0.0003
And_30	0	0.3333	0.6667	0	0
And_31	0.3333	0	0	0	0.6667
And_32	0.8656	0.001	0	0.0684	0.065
And_34	0.2487	0.1313	0.0367	0.166	0.4173
And_35	0.037	0.1828	0.1907	0.5895	0
And_36	0.666	0.0003	0.0003	0	0.3333
And_37	0	0.3333	0.6667	0	0
And_38	0	0.3333	0.6667	0	0
And_39	0.666	0.0003	0.0003	0	0.3333
And_40	0.114	0.2642	0.1394	0.3239	0.1585
And_41	0.035	0.1217	0.1267	0.696	0.0207
And_42	0	0.355	0.2747	0.3703	0
And_43	0.3333	0	0	0	0.6667
And_44	0.9046	0.025	0.0611	0.0093	0
And_45	0.2482	0.132	0.037	0.166	0.4167
And_46	0.0277	0.2704	0.2886	0.413	0.0003
And_47	0.144	0.1063	0.1147	0.6276	0.0073
And_48	0.144	0.1094	0.1164	0.6235	0.0067
And_49	0	0.0003	0	0.9997	0
And_50	0.0407	0.1506	0.1163	0.6831	0.0093
And_51	0	0.2381	0.3163	0.4456	0
And_52	0.4181	0	0.0003	0.0457	0.5359
And_53	0.9076	0.0217	0.0621	0.0087	0
And_54	0.3333	0	0	0	0.6667
And_55	0.4091	0.113	0.0524	0.4241	0.0013
And_56	0.1647	0.043	0.09	0.6727	0.0297
And_57	0	0.3333	0.6667	0	0
And_58	0.0003	0.2077	0.1387	0.6445	0.0087
And_59	0.1064	0.2799	0.5459	0.0143	0.0534
And_60	0.0003	0.363	0.205	0.4217	0.01
And_61	0.1385	0.1491	0.0267	0.2977	0.388
And_62	0.4545	0.1469	0.1007	0.2249	0.073
And_63	0.666	0.0003	0.0003	0	0.3333
And_65	0.5953	0.0017	0.0107	0.2747	0.1177
And_66	0	0.2703	0.2587	0.4697	0.0013
And_67	0	1	0	0	0
And_68	0	1	0	0	0
And_69	0	1	0	0	0
And_70	0	1	0	0	0
And_71	0	1	0	0	0
And_72	0.5919	0.0017	0.0113	0.2757	0.1194
And_73	0	1	0	0	0
And_74	0.1793	0.0747	0.0847	0.6383	0.023
And_75	0	1	0	0	0
And_76	0	1	0	0	0
And_77	0.8787	0.037	0.01	0.0743	0
And_78	0.8793	0.0223	0.0017	0.0967	0
And_80	0.4261	0.0423	0.0097	0.4557	0.0663
And_81	0.203	0.1067	0.081	0.5817	0.0277
And_82	0.1807	0.0723	0.0843	0.64	0.0227
And_83	0.3467	0.055	0.0543	0.5003	0.0437
And_84	0.2003	0.0507	0.116	0.607	0.026
And_85	0.3333	0	0	0	0.6667
And_86	0.3333	0	0	0	0.6667
And_87	0.4245	0.044	0.009	0.4558	0.0667
And_88	0.9036	0.0267	0.0614	0.0083	0
And_89	0.2013	0.107	0.08	0.5833	0.0283
And_90	0.1709	0.0793	0.0656	0.6742	0.01
And_91	0.1681	0.0817	0.0667	0.6739	0.0097
And_92	0	0.7453	0.0003	0.2543	0
And_93	0.3333	0	0	0	0.6667
And_94	0.5434	0.0194	0.0007	0.3099	0.1268
And_95	0.3891	0.0487	0.015	0.4802	0.067
And_96	0.8793	0.0217	0.0013	0.0977	0
And_97	0.8782	0.0214	0.0013	0.0991	0
And_98	0.2595	0.0546	0.0513	0.5729	0.0616
And_99	0.6657	0.0003	0.0007	0	0.3333
And_100	0.2138	0.0856	0.079	0.5836	0.038
And_101	0.4115	0.0313	0.0237	0.3839	0.1496
And_104	0.2051	0.1064	0.082	0.5795	0.027
And_107	0.2281	0.1104	0.084	0.5359	0.0417
And_108	0.2503	0.09	0.057	0.5824	0.0203
And_109	0.5929	0.002	0.009	0.2774	0.1187
And_110	0.3333	0	0	0	0.6667
And_112	0	0.7463	0.0003	0.2534	0
And_113	0.0943	0.1709	0.1423	0.5785	0.014
And_114	0.2027	0.1147	0.0693	0.5782	0.035
And_115	0.1274	0.1024	0.071	0.6982	0.001
And_116	0	0.065	0.1894	0.7456	0
And_117	0	0.3337	0.666	0	0.0003
And_118	0	0.3333	0.6667	0	0
And_119	0	0.3333	0.6667	0	0
And_120	0	0.3333	0.6667	0	0
And_121	0	0.3333	0.6667	0	0
And_122	0.666	0.0003	0.0003	0	0.3333
And_123	0.2304	0.0647	0.12	0.5557	0.0293
And_124	0.142	0.0527	0.1243	0.68	0.001
And_125	0.1389	0.051	0.1289	0.6805	0.0007
And_126	0.5925	0.0003	0	0.2408	0.1664
And_127	0.167	0.044	0.0877	0.6732	0.028
And_128	0.3333	0	0	0	0.6667
And_129	0.0007	0.0977	0.0774	0.8242	0
And_130	0.004	0.3578	0.2129	0.4044	0.021
And_131	0	0.7467	0.0003	0.253	0
And_132	0	0.7473	0.0003	0.2523	0
And_133	0.249	0.1313	0.0367	0.1657	0.4173
And_134	0.2487	0.1308	0.0377	0.1662	0.4168
And_135	0.2473	0.1457	0.0663	0.2821	0.2585
And_136	0.9069	0.021	0.0624	0.0097	0
And_137	0.3259	0.11	0.051	0.1147	0.3984
And_138	0	0.3333	0.6667	0	0
And_139	0	0.3237	0.2157	0.4607	0
And_140	0	0.3836	0.1904	0.4246	0.0013
And_141	0	0.3274	0.2171	0.4555	0
And_142	0	0.0667	0.1881	0.7452	0
And_143	0.903	0.0233	0.0643	0.0093	0
And_144	0.0003	0.2111	0.1344	0.6448	0.0093
And_146	0	0.3271	0.2173	0.4555	0
And_147	0.0364	0.1571	0.1848	0.5974	0.0244
And_148	0	0.3276	0.2191	0.4533	0
And_149	0.399	0.086	0.0503	0.4113	0.0533
And_150	0.2189	0.168	0.3492	0.2279	0.036
And_151	0.0187	0.2589	0.2859	0.4062	0.0303
And_152	0	0.3498	0.2661	0.3834	0.0007
And_154	0.8783	0.0203	0.0013	0.1	0
And_155	0.0013	0.001	0.9963	0.0007	0.0007
And_156	0.666	0.0003	0.0003	0	0.3333
And_157	0.5419	0.0663	0.0017	0.2313	0.1588
And_158	0	0.1837	0.24	0.576	0.0003
And_160	0	0.3333	0.6667	0	0
And_163	0.101	0.1306	0.1393	0.5048	0.1243
And_164	0.0003	0.2113	0.135	0.645	0.0083
And_166	0.8765	0.0236	0.002	0.0979	0
And_167	0.8788	0.022	0.0017	0.0976	0
And_168	0.6199	0.0513	0.0187	0.1942	0.1159
And_169	0	0.2911	0.2797	0.4248	0.0043
And_171	0.005	0.1727	0.2313	0.5827	0.0083
And_172	0.0033	0.0814	0.0967	0.8155	0.003
And_173	0	0.269	0.262	0.468	0.001
And_174	0	0.2951	0.321	0.3839	0
And_175	0.0937	0.1741	0.1394	0.5795	0.0133
And_176	0	0.2925	0.3233	0.3842	0
And_177	0.0003	0.2053	0.2725	0.5218	0
And_178	0.666	0.0003	0.0003	0	0.3333
And_179	0	0.2394	0.3183	0.4423	0
And_180	0.0003	0.2017	0.2747	0.5233	0
And_181	0.0003	0.3129	0.3012	0.3772	0.0083
And_182	0.9046	0.023	0.062	0.0103	0
And_184	0.0013	0.2189	0.3388	0.4363	0.0047
And_185	0.412	0.024	0.0317	0.3827	0.1496
And_186	0	0	1	0	0
And_188	0	0.2931	0.2806	0.4226	0.0037
And_189	0.1392	0.1496	0.0256	0.2969	0.3887
And_190	0	0.3169	0.2581	0.4243	0.0007
And_191	0.1023	0.2403	0.1453	0.505	0.007
And_193	0.2481	0.131	0.0376	0.1665	0.4168
And_194	0.0007	0.2037	0.288	0.5027	0.005
And_195	0	0.747	0.0007	0.2523	0
And_196	0.727	0.0003	0.0007	0.167	0.105
And_198	0.666	0.0003	0.0003	0	0.3333
And_199	0.6064	0.007	0.0003	0.2838	0.1024
And_200	0.0003	0.7353	0.0073	0.2567	0.0003
And_201	0	0.2604	0.2674	0.4722	0
And_202	0.5758	0.004	0.1403	0.1626	0.1173
And_203	0.0097	0.286	0.2953	0.4027	0.0063
And_204	0.0193	0.3159	0.2192	0.4425	0.003
And_205	0.0003	0.3414	0.3491	0.2994	0.0097
And_206	0.0003	0.2893	0.2773	0.429	0.004
And_207	0.003	0.3262	0.3105	0.3599	0.0003
And_208	0	0.3333	0.6663	0.0003	0
And_209	0	0.333	0.6667	0.0003	0
And_210	0	0.3333	0.6667	0	0
And_211	0	0.3333	0.6667	0	0
And_212	0.3185	0.096	0.1711	0.3058	0.1087
And_213	0	1	0	0	0
And_214	0	1	0	0	0
And_215	0	1	0	0	0
And_216	0	0.0003	0	0.9997	0
And_217	0	0.3333	0.6667	0	0
And_218	0.0053	0.2767	0.212	0.477	0.029
And_219	0.0003	0.2919	0.2792	0.4245	0.004
And_220	0.0003	0.0003	0.999	0.0003	0
And_221	0	0.3333	0.6667	0	0
And_222	0	0.0003	0	0.9997	0
And_225	0	0.3333	0.6667	0	0
And_226	0	0.3333	0.6667	0	0
And_227	0.3333	0	0	0	0.6667
And_228	0	0.2589	0.2643	0.4768	0
And_229	0	0.7463	0.0003	0.2533	0
And_232	0	0.3333	0.6667	0	0
And_233	0	0.3333	0.6667	0	0
And_234	0	0.3333	0.6667	0	0
And_235	0	0.3333	0.6667	0	0
And_236	0.8793	0.0217	0.0017	0.0973	0
And_237	0.8792	0.0214	0.002	0.0974	0
And_238	0	0.3333	0.6667	0	0
And_239	0	0.3528	0.2784	0.3688	0
And_240	0	0.354	0.2774	0.3686	0
And_241	0	0.357	0.275	0.368	0
And_242	0	0.7467	0.0003	0.253	0
And_243	0	1	0	0	0
And_244	0	1	0	0	0
And_245	0	0.2611	0.2648	0.4741	0
And_246	0.0003	0.3096	0.3062	0.3756	0.0083
And_247	0.0003	0.312	0.3006	0.3787	0.0083
And_248	0	0.0003	0	0.9997	0
And_249	0	1	0	0	0
And_250	0	1	0	0	0
And_251	0	0.747	0.0003	0.2527	0
And_252	0.0003	0.2927	0.2773	0.426	0.0037
And_253	0	0.0003	0	0.9997	0
And_254	0.666	0.0003	0.0003	0	0.3333
And_255	0	0.3333	0.6667	0	0
And_256	0	0.3333	0.6667	0	0
And_257	0	0.3333	0.6667	0	0
And_258	0	0.3529	0.2782	0.3689	0
And_259	0.0013	0.242	0.2483	0.4967	0.0117
And_260	0	0.0003	0.9997	0	0
And_261	0	0	0.9993	0.0007	0
And_262	0	0	1	0	0
And_263	0.1966	0.108	0.0653	0.5908	0.0393
And_265	0.2482	0.132	0.038	0.166	0.4157
And_266	0.2487	0.1301	0.0377	0.1665	0.4171
And_267	0	0.3333	0.6667	0	0
And_268	0	0.2679	0.2604	0.4703	0.0013
And_271	0.3204	0.0937	0.1721	0.3074	0.1064
And_272	0.6027	0.002	0.004	0.2216	0.1697
And_273	0	0.3818	0.1884	0.4278	0.002
And_274	0.3397	0.0657	0.0837	0.4253	0.0857
And_275	0	0	1	0	0
And_276	0.6663	0	0.0003	0	0.3333
And_277	0	0.3333	0.6667	0	0
And_278	0.7506	0.0037	0.0013	0.1314	0.113
And_279	0	0.105	0.2296	0.6654	0
And_281	0.105	0.0553	0.4962	0.3432	0.0003
And_282	0	0	1	0	0
And_283	0	0.2637	0.2653	0.471	0
And_284	0	0.333	0.6663	0.0003	0.0003
And_285	0	0.045	0.0007	0.9543	0
And_286	0	0	1	0	0
And_288	0	0	1	0	0
And_289	0	0	1	0	0
And_290	0	0.3333	0.6667	0	0
And_291	0.7268	0.0003	0.0007	0.1673	0.105
And_292	0.0003	0.7367	0.005	0.258	0
And_293	0	0.196	0.2527	0.551	0.0003
And_294	0	0.1051	0.229	0.6659	0
And_295	0	0	1	0	0
And_296	0	0.1734	0.2368	0.5865	0.0033
And_297	0	0.1639	0.243	0.5928	0.0003
And_298	0	0.0663	0.1854	0.7482	0
And_299	0	1	0	0	0
And_300	0	1	0	0	0
And_302	0	0.3477	0.2673	0.3843	0.0007
And_303	0	0.3347	0.6653	0	0
And_304	0	0.9997	0.0003	0	0
And_305	0	1	0	0	0
And_306	0	1	0	0	0
And_307	0	1	0	0	0
And_308	0	0.0457	0	0.9543	0
And_309	0.1387	0.1503	0.0257	0.297	0.3883
And_310	0	0.2437	0.3247	0.4317	0
And_311	0.9323	0.0363	0.0307	0.0007	0
And_312	0	0.2422	0.3177	0.4401	0
And_313	0	0.0663	0.1884	0.7452	0
And_314	0	0.2405	0.3185	0.441	0
And_315	0.0017	0.0533	0.1287	0.8163	0
And_316	0	0	1	0	0
And_317	0.001	0.053	0.1288	0.8169	0.0003
And_318	0	0.2401	0.3146	0.4453	0
And_319	0	0.1051	0.229	0.6659	0
And_320	0.9343	0.0367	0.0287	0.0003	0
And_321	0	0.2418	0.316	0.4423	0
And_322	0	0.1631	0.1421	0.6938	0.001
And_323	0	0.2399	0.3165	0.4436	0
And_324	0	0.3333	0.6667	0	0
And_325	0.0047	0.1735	0.2293	0.5865	0.006
And_326	0.2682	0.0033	0.0393	0.6304	0.0587
And_327	0	0.2421	0.3136	0.4443	0
And_328	0.2712	0.0037	0.0383	0.6281	0.0587
And_329	0	1	0	0	0
And_330	0	1	0	0	0
And_331	0	1	0	0	0
And_332	0	0	1	0	0
And_333	0	1	0	0	0
And_334	0	1	0	0	0
And_335	0	0.2599	0.2682	0.472	0
And_336	0.0013	0.0533	0.1284	0.817	0
And_337	0	1	0	0	0
And_338	0	0.2733	0.2533	0.4693	0.004
And_339	0.3213	0.0943	0.1713	0.3056	0.1076
And_340	0.3333	0	0	0	0.6667
And_341	0.3333	0	0	0	0.6667
And_342	0	0.7457	0.0003	0.254	0
And_343	0.0173	0.2625	0.2074	0.511	0.0017
And_344	0	0.1651	0.1394	0.6945	0.001
And_345	0	0.3333	0.6667	0	0
And_346	0	0.1626	0.2358	0.6003	0.0013
And_347	0	0.2389	0.3142	0.447	0
And_348	0.1375	0.1508	0.0264	0.2973	0.3881
And_349	0.9343	0.035	0.0303	0.0003	0
And_350	0	0.3825	0.1904	0.4255	0.0017
And_351	0.9323	0.0357	0.0317	0.0003	0
And_352	0.1227	0.115	0.0803	0.6747	0.0073
And_353	0.0023	0.0313	0.0816	0.8768	0.008
And_354	0	0	1	0	0
And_355	0	0	1	0	0
And_356	0	0	1	0	0
And_357	0.1247	0.1157	0.075	0.6772	0.0073
And_358	0	0	1	0	0
And_359	0	0	1	0	0
And_360	0	0.0003	0	0.9997	0
And_361	0.0007	0.0967	0.077	0.8256	0
And_362	0	0.0003	0	0.9997	0
And_363	0	0.0003	0	0.9997	0
And_364	0.0003	0.0354	0.9393	0.025	0
And_365	0.1383	0.1504	0.0253	0.2976	0.3884
And_366	0.138	0.1497	0.0273	0.2969	0.3881
And_367	0.9333	0.0363	0.03	0.0003	0
And_368	0.131	0.0984	0.075	0.6946	0.001
And_369	0	0.1778	0.2257	0.5952	0.0013
And_370	0.666	0.0003	0.0003	0	0.3333
And_371	0.0003	0.2097	0.138	0.644	0.008
And_372	0	0.1047	0.2284	0.6669	0
And_373	0	0.1033	0.2292	0.6674	0
And_374	0.0363	0.1877	0.1903	0.5857	0
And_375	0.0353	0.1847	0.192	0.588	0
And_376	0	0.7463	0.0003	0.2533	0
And_377	0.035	0.1851	0.1917	0.5882	0
And_378	0.2482	0.132	0.0374	0.1657	0.4167
And_379	0.1289	0.104	0.0743	0.6918	0.001
And_380	0	0.3333	0.6667	0	0
And_381	0	0.163	0.2424	0.5939	0.0007
And_383	0.0877	0.1294	0.1444	0.6201	0.0183
And_384	0.033	0.1324	0.1163	0.6507	0.0677
And_385	0.087	0.1294	0.1457	0.6189	0.019
And_386	0.0033	0.3293	0.6553	0.0103	0.0017
And_387	0.0007	0.0947	0.079	0.8256	0
And_388	0	0.1057	0.2298	0.6646	0
And_389	0.0017	0.0817	0.2477	0.6603	0.0087
And_391	0	0.0007	0	0.9993	0
And_392	0.036	0.1838	0.1921	0.5881	0
And_393	0	0.1057	0.2283	0.666	0
And_394	0	0.1067	0.2278	0.6656	0
And_395	0	0.0003	0	0.9997	0
And_396	0	0.003	0.001	0.996	0
And_397	0	0.103	0.2233	0.6737	0
And_398	0.247	0.1301	0.038	0.1688	0.4161
And_399	0	0.3383	0.6023	0.056	0.0033
And_400	0	0.3333	0.6667	0	0
And_401	0	0.3333	0.6667	0	0
And_402	0.138	0.1493	0.026	0.2983	0.3883
And_403	0.1367	0.1493	0.0263	0.3003	0.3873
And_404	0.8753	0.021	0.0017	0.102	0
And_405	0.033	0.3087	0.5987	0.05	0.0097
And_406	0.0107	0.3273	0.614	0.0414	0.0067
And_407	0.009	0.3503	0.2137	0.4077	0.0193
And_408	0	0.3457	0.2647	0.389	0.0007
And_409	0	0.0661	0.1918	0.7422	0
And_410	0.9237	0.0383	0.037	0.001	0
And_412	0.3361	0.1567	0.0667	0.3078	0.1327
And_414	0.0067	0.706	0.012	0.2733	0.002
And_415	0.9314	0.035	0.033	0.0007	0
And_417	0.0363	0.1572	0.1807	0.5995	0.0263
And_418	0	0.7463	0.0003	0.2533	0
And_419	0.3247	0.1673	0.073	0.2861	0.1489
And_420	0.1453	0.079	0.3653	0.396	0.0143
And_422	0	0.178	0.236	0.5853	0.0007
And_423	0.5933	0.0017	0.0113	0.2737	0.12
And_424	0	0.3333	0.6667	0	0
And_425	0.0297	0.1985	0.1488	0.5891	0.034
And_426	0.0027	0.2986	0.2768	0.422	0
And_427	0.0043	0.3173	0.2223	0.4313	0.0247
And_428	0.0303	0.2063	0.145	0.5854	0.033
And_429	0	0.3807	0.1903	0.4273	0.0017
And_430	0.005	0.3142	0.2232	0.4322	0.0253
And_431	0.3333	0	0	0	0.6667
And_432	0	0.2618	0.264	0.4742	0
And_433	0	0.2637	0.2648	0.4714	0
And_434	0	0.2448	0.3266	0.4286	0
And_436	0	0.0003	0	0.9997	0
And_437	0	0.3327	0.6657	0.0017	0
And_439	0.666	0.0003	0.0003	0	0.3333
And_440	0.4648	0.003	0.059	0.3399	0.1333
And_441	0.3333	0	0	0	0.6667
And_442	0.3333	0	0	0	0.6667
And_444	0.935	0.0353	0.0293	0.0003	0
And_445	0	0.0003	0	0.9997	0
And_446	0	0.1821	0.2368	0.5811	0
And_447	0	0.3333	0.6667	0	0
And_448	0.2572	0.1999	0.1596	0.215	0.1683
And_449	0	0.3333	0.6667	0	0
And_450	0.6381	0.0003	0.0003	0.2522	0.1091
And_451	0.6186	0.0007	0.0003	0.2318	0.1486
And_452	0	0.333	0.6657	0.0013	0
And_453	0.3333	0	0	0	0.6667
And_454	0	0.3333	0.6667	0	0
And_455	0	0.3333	0.6663	0.0003	0
And_456	0.0277	0.1851	0.2782	0.502	0.007
And_457	0.666	0.0003	0.0003	0	0.3333
And_458	0.0003	0.2798	0.3727	0.3468	0.0003
And_459	0.666	0.0003	0.0003	0	0.3333
And_460	0	0.3333	0.6667	0	0
And_461	0.1324	0.0957	0.113	0.6429	0.016
And_462	0	0.0003	0.9993	0.0003	0
And_463	0	0	1	0	0
And_464	0.1314	0.0994	0.0747	0.6939	0.0007
And_465	0.0007	0.544	0.1117	0.3343	0.0093
And_466	0	0.7467	0.0003	0.253	0
And_467	0	0.332	0.6677	0.0003	0
And_468	0	0.336	0.6387	0.0223	0.003
And_469	0.0003	0.2354	0.3516	0.4124	0.0003
And_470	0.0067	0.3543	0.2138	0.4049	0.0204
And_471	0.0366	0.1839	0.1938	0.5857	0
And_472	0.037	0.1214	0.13	0.6902	0.0213
And_473	0	0.0003	0	0.9997	0
And_474	0	0.0003	0.0007	0.999	0
And_475	0.666	0.0003	0.0003	0	0.3333
And_476	0	0.043	0	0.957	0
And_477	0.6058	0.0526	0.0243	0.2369	0.0803
And_478	0	0.3333	0.6667	0	0
And_479	0.9053	0.0227	0.064	0.008	0
And_480	0	0.7463	0.0003	0.2533	0
And_481	0	0.746	0.0003	0.2537	0
And_482	0.7576	0.0007	0.142	0.0007	0.0991
And_483	0.001	0.3204	0.2112	0.4521	0.0153
And_484	0.7586	0.0007	0.1397	0.0007	0.1004
And_485	0	0.7463	0.0003	0.2531	0.0003
And_486	0.0013	0.3182	0.2084	0.4553	0.0167
And_487	0	0	1	0	0
And_488	0.2496	0.13	0.0377	0.1663	0.4163
And_489	0	0.7473	0.0003	0.2523	0
And_490	0	0.3163	0.2617	0.4213	0.0007
And_491	0.6181	0.022	0.0153	0.2449	0.0996
And_492	0.5851	0.001	0.001	0.2328	0.1801
And_493	0	0.1053	0.2294	0.6652	0
And_494	0.6413	0.0047	0.031	0.014	0.309
And_495	0	1	0	0	0
And_496	0.666	0.0003	0.0003	0	0.3333
And_497	0.5892	0.0053	0.0017	0.2724	0.1314
And_498	0.506	0.0806	0.0137	0.2785	0.1213
And_499	0.6663	0.0007	0.001	0.0003	0.3317
And_500	0.3333	0	0	0	0.6667
And_501	0.666	0.0003	0.0003	0	0.3333
And_502	0.2715	0.0027	0.0367	0.6284	0.0607
And_503	0	0.3333	0.6667	0	0
And_504	0.7517	0.004	0.0017	0.1303	0.1123
And_505	0.7541	0.0057	0.0013	0.1259	0.113
And_506	0.126	0.1153	0.0717	0.6787	0.0083
And_507	0.7538	0.0053	0.0013	0.1271	0.1124
And_508	0	0.3835	0.1884	0.4271	0.001
And_509	0	0.3801	0.1904	0.4281	0.0013
And_510	0	0.2697	0.2617	0.4673	0.0013
And_511	0.7585	0.0007	0.141	0.0003	0.0994
And_512	0	0.314	0.2613	0.424	0.0007
And_513	0.3813	0.0423	0.113	0.3643	0.099
And_514	0	0.3333	0.6667	0	0
And_515	0	0.0003	0.9997	0	0
And_516	0	0	1	0	0
And_517	0	0.2458	0.3232	0.431	0
And_518	0.7567	0.0007	0.1419	0.0003	0.1003
And_519	0	0.7457	0.0003	0.254	0
And_520	0	0.3303	0.6627	0.007	0
And_521	0.6472	0.008	0.0757	0.1554	0.1137
And_522	0.0003	0.3825	0.1894	0.4269	0.001
And_523	0	0.3333	0.6667	0	0
And_524	0.005	0.3215	0.2934	0.3652	0.015
And_525	0.0007	0.3234	0.2112	0.4494	0.0153
And_526	0	0.3333	0.6667	0	0
And_527	0	0.3333	0.6667	0	0
And_528	0	0	1	0	0
And_529	0	0	1	0	0
And_530	0	0.2554	0.2891	0.4545	0.001
And_531	0	0	1	0	0
And_532	0.4128	0.0233	0.0303	0.3848	0.1487
And_533	0	0	1	0	0
And_534	0	0.3161	0.2568	0.4265	0.0007
And_535	0	0.7467	0.0003	0.253	0
And_537	0.5525	0.0073	0.0023	0.2929	0.145
And_538	0.0003	0.2583	0.287	0.4533	0.001
And_539	0.6066	0.0584	0.024	0.2299	0.0811
And_540	0	0.0003	0	0.9997	0
And_541	0	0.267	0.263	0.4687	0.0013
And_542	0	0.0003	0	0.9997	0
And_543	0.2714	0.0027	0.0407	0.6252	0.06
And_544	0	0.0404	0	0.9596	0
And_545	0	0.7467	0.0003	0.253	0
And_546	0	0.045	0	0.955	0
And_547	0	0.0443	0	0.9557	0
And_548	0.0003	0.3608	0.2098	0.4198	0.0093
And_549	0.2715	0.003	0.0374	0.6294	0.0587
And_550	0.2483	0.1317	0.0377	0.1657	0.4167
And_551	0.2489	0.1317	0.037	0.1657	0.4167
And_552	0.0003	0.0527	0.0003	0.9466	0
And_553	0	0.0007	0.9987	0.0007	0
And_554	0.125	0.1047	0.0727	0.6966	0.001
And_555	0.0387	0.183	0.178	0.6	0.0003
And_556	0.1284	0.1024	0.076	0.6926	0.0007
And_557	0.0007	0.0897	0.2247	0.685	0
And_558	0	0.045	0	0.955	0
And_559	0	0.0397	0	0.9603	0
And_560	0.5443	0.0657	0.001	0.2313	0.1577
And_561	0	0.0663	0.1874	0.7462	0
And_562	0	0.068	0.1853	0.7467	0
And_563	0	0	1	0	0
And_564	0.0003	0.0013	0.998	0.0003	0
And_565	0	0	1	0	0
And_566	0	0.041	0	0.959	0
And_567	0.2267	0.1123	0.0827	0.5347	0.0437
And_568	0.006	0.1062	0.1729	0.6912	0.0237
And_569	0	0.0669	0.1871	0.746	0
And_570	0	0.0657	0.1872	0.7471	0
And_571	0	0	1	0	0
And_572	0	0	1	0	0
And_574	0.0007	0.0757	0.069	0.8546	0
And_575	0.0003	0.0007	0.999	0	0
And_576	0.1345	0.1518	0.025	0.3021	0.3867
And_577	0.5822	0.012	0.041	0.3088	0.056
And_578	0.1923	0.1917	0.1394	0.185	0.2916
And_579	0.249	0.1317	0.037	0.165	0.4173
And_580	0.3333	0	0	0	0.6667
And_581	0.0007	0.0727	0.0713	0.8553	0
And_582	0	0.0003	0.9993	0.0003	0
And_583	0.6075	0.1	0.0984	0.137	0.057
And_584	0.001	0.2559	0.3322	0.3992	0.0117
And_585	0.0003	0.2562	0.3309	0.4016	0.011
And_586	0.0003	0.2407	0.3216	0.4374	0
And_587	0.0007	0.0783	0.1547	0.7662	0
And_588	0.0013	0.0529	0.1271	0.8179	0.0007
And_589	0	0.0637	0.1844	0.7519	0
And_590	0.2466	0.135	0.0367	0.1657	0.416
And_591	0	0.0003	0	0.9997	0
And_592	0	0.2378	0.3259	0.4363	0
And_593	0.036	0.183	0.1924	0.5885	0
And_594	0.0357	0.1817	0.1899	0.5927	0
And_595	0.1373	0.1484	0.0253	0.3009	0.3881
And_596	0	0.354	0.279	0.367	0
And_597	0	0.1034	0.225	0.6716	0
And_598	0.085	0.2054	0.0977	0.5882	0.0237
And_599	0	0.0003	0.9983	0.0013	0
And_600	0	0.3533	0.2793	0.3673	0
And_601	0.0023	0.0854	0.0947	0.815	0.0027
And_602	0.0023	0.0307	0.085	0.8744	0.0077
And_603	0.9327	0.035	0.0317	0.0007	0
And_604	0	0.2421	0.3263	0.4316	0
And_605	0	0	1	0	0
And_606	0	0	1	0	0
And_607	0.0797	0.269	0.127	0.4987	0.0257
And_608	0.7513	0.0053	0.001	0.1307	0.1117
And_609	0	0.2662	0.2628	0.471	0
And_610	0.0007	0.096	0.0807	0.8226	0
And_611	0.0193	0.2631	0.2081	0.5075	0.002
And_612	0.9333	0.0357	0.0307	0.0003	0
And_613	0	0.2427	0.3223	0.435	0
And_614	0.932	0.0357	0.032	0.0003	0
And_615	0	0.242	0.3223	0.4357	0
And_616	0	0.0003	0	0.9997	0
And_617	0	0	1	0	0
And_618	0	0.176	0.2432	0.5805	0.0003
And_619	0	0.2415	0.3205	0.438	0
And_620	0.2063	0.109	0.0647	0.6038	0.0163
And_621	0.5944	0.0003	0	0.2392	0.1661
And_622	0	0.35	0.265	0.3847	0.0003
And_623	0.5908	0.0003	0	0.2444	0.1644
And_624	0.3333	0	0	0	0.6667
And_625	0.5906	0.0003	0	0.2439	0.1652
And_626	0.5915	0.0003	0	0.2424	0.1658
And_627	0.2718	0.0033	0.0394	0.6267	0.0587
And_628	0	0.7467	0.0003	0.253	0
And_629	0	0.3333	0.6667	0	0
And_630	0.9343	0.0353	0.03	0.0003	0
And_631	0.7579	0.0007	0.1399	0.001	0.1006
And_632	0.666	0.0003	0.0003	0	0.3333
And_633	0.3878	0.1231	0.077	0.2634	0.1487
And_634	0	0.1745	0.2356	0.5849	0.005
And_635	0.8783	0.0213	0.0017	0.0987	0
And_636	0.8769	0.0257	0.0013	0.0961	0
And_637	0.879	0.0223	0.0013	0.0973	0
And_638	0	0.1767	0.2371	0.5858	0.0003
And_639	0.7544	0.0047	0.0013	0.1263	0.1133
And_640	0	1	0	0	0
And_641	0	1	0	0	0
And_642	0	0.104	0.2258	0.6702	0
And_643	0	0.045	0	0.955	0
And_644	0	1	0	0	0
And_645	0.0643	0.747	0.087	0.0917	0.01
And_646	0	1	0	0	0
And_647	0	1	0	0	0
And_648	0.5437	0.0087	0.0043	0.298	0.1453
And_649	0.0003	0.2478	0.3262	0.4256	0
And_650	0	1	0	0	0
And_651	0.0293	0.8597	0.0503	0.0517	0.009
And_652	0	1	0	0	0
And_653	0	1	0	0	0
And_654	0	0.046	0	0.954	0
And_655	0	1	0	0	0
And_656	0	1	0	0	0
And_657	0.3333	0	0	0	0.6667
And_658	0.6136	0.0007	0.0007	0.2387	0.1464
And_659	0	0.7383	0.006	0.2557	0
And_660	0.5038	0.0956	0.1356	0.0373	0.2277
And_661	0	0.3823	0.1903	0.4257	0.0017
And_662	0.6038	0.004	0.028	0.2476	0.1167
And_663	0	0.066	0.1881	0.7459	0
And_664	0.5581	0.0173	0.014	0.3556	0.055
And_665	0.5343	0.0934	0.1375	0.015	0.2199
And_666	0	0.3354	0.3128	0.3518	0
And_667	0	0.3333	0.6667	0	0
And_668	0	0.0003	0	0.9997	0
And_669	0	0.0003	0	0.9997	0
And_670	0	0.0003	0	0.9997	0
And_671	0	0.3333	0.6667	0	0
And_672	0.0043	0.3567	0.2097	0.41	0.0193
And_673	0	0.3333	0.6667	0	0
And_674	0.1375	0.1498	0.0267	0.2981	0.388
And_675	0.5433	0.067	0.001	0.2307	0.158
And_676	0.9337	0.034	0.032	0.0003	0
And_677	0.6445	0.008	0.0763	0.1576	0.1136
And_678	0.1363	0.1527	0.026	0.2963	0.3887
And_680	0.6398	0.033	0.0153	0.1829	0.129
And_681	0.3333	0	0	0	0.6667
And_682	0.6465	0.0087	0.0733	0.1556	0.1159
And_683	0.5428	0.0656	0.001	0.2329	0.1576
And_685	0.665	0.0007	0.001	0	0.3333
And_686	0.8219	0.0003	0	0.065	0.1127
And_687	0.5929	0.0003	0	0.2441	0.1627
And_688	0.562	0.001	0.003	0.3133	0.1207
And_689	0.4327	0.0266	0.007	0.2835	0.2502
And_690	0.5273	0.0423	0.0527	0.2263	0.1513
And_691	0	1	0	0	0
And_692	0.6261	0.0519	0.0177	0.192	0.1123
And_694	0.5903	0.0117	0.0093	0.2767	0.112
And_696	0	0.3333	0.6667	0	0
And_697	0.8286	0.0003	0	0.0587	0.1124
And_698	0.1697	0.0557	0.1063	0.6377	0.0307
And_700	0.6891	0.0003	0	0.2171	0.0934
And_701	0.107	0.7633	0.0603	0.0083	0.061
And_702	0	1	0	0	0
And_703	0	0.999	0.0007	0.0003	0
And_704	0	1	0	0	0
And_706	0.001	0.0523	0.1248	0.8206	0.0013
And_707	0.5027	0.083	0.01	0.284	0.1203
And_708	0.0003	0.746	0.0003	0.253	0.0003
And_709	0.0037	0.3598	0.2118	0.4038	0.021
And_710	0.8273	0.0003	0	0.0613	0.111
And_711	0.4937	0.0303	0.0623	0.2931	0.1206
And_712	0	0.1047	0.2267	0.6687	0
And_713	0	0.066	0.1871	0.7469	0
And_714	0.7593	0.001	0.1389	0.001	0.0998
And_715	0.3669	0.1376	0.073	0.3522	0.0703
And_716	0.0573	0.089	0.1177	0.7353	0.0007
And_717	0.7573	0.0007	0.142	0.0007	0.0994
And_718	0	0.1663	0.2207	0.6127	0.0003
And_719	0.1382	0.1503	0.0253	0.2985	0.3877
And_127_A	0.0007	0.2111	0.1344	0.6444	0.0093
Phu_119	0.1963	0.094	0.0567	0.6128	0.0403
Phu_122	0.1927	0.0957	0.059	0.6139	0.0387
Phu_47	0.1629	0.13	0.111	0.5682	0.028
